60
    1  20    1  27.1767  32.1586  0.8075  32875  83360
      26.085 31.926 1.977
      28.193 32.772 1.180
      28.197 31.591 -0.357
      28.141 31.908 2.289
      26.161 32.530 0.973
      26.504 33.073 1.959
      26.274 31.339 0.612
      27.340 30.784 -0.350
      28.223 32.711 0.657
      26.149 32.445 -0.247
      27.062 32.308 2.771
      26.155 31.430 -0.755
      27.030 33.203 0.862
      27.688 33.263 2.213
      27.019 33.292 -0.758
      27.278 31.999 -0.919
      28.320 31.570 1.220
      27.202 32.038 1.517
      27.328 30.950 1.005
      27.184 32.038 0.301
    2  20    1  29.7876  2.1406  0.6064  62487  81340
      29.892 1.852 1.059
      29.422 0.466 0.994
      30.246 2.808 -0.688
      29.110 0.943 0.684
      28.345 3.518 -0.270
      30.936 1.686 -0.052
      29.904 3.876 0.408
      29.271 3.640 1.431
      30.952 1.586 1.265
      30.227 2.692 0.975
      29.583 1.786 1.487
      30.695 2.240 2.169
      29.037 2.501 -0.833
      29.594 2.908 2.141
      30.292 0.779 0.768
      30.227 2.692 0.975
      30.533 0.816 -0.866
      28.745 1.510 -0.477
      28.907 2.688 0.722
      29.832 1.827 0.238
    3  0    1  15.6689  16.0820  1.2472  44933  81111
    4  20    1  32.2936  32.0135  0.8085  51510  81909
      31.540 31.026 2.791
      32.590 30.845 -0.360
      33.402 31.665 1.296
      32.510 30.876 1.287
      31.359 32.470 1.152
      32.451 33.250 0.369
      32.455 32.074 0.779
      33.451 32.719 0.432
      32.494 32.067 -0.453
      32.625 31.069 2.320
      33.431 31.610 0.150
      32.455 32.074 0.779
      32.113 33.286 1.435
      31.580 31.390 1.679
      31.300 33.512 0.084
      31.495 31.310 0.403
      31.399 32.550 -0.704
      31.508 31.314 -0.781
      33.275 32.907 1.523
      32.439 32.257 1.989
    5  15    1  33.2989  22.5503  0.2556  41821  81459
      32.367 21.935 0.812
      32.816 23.899 0.934
      33.349 23.037 1.523
      32.162 22.242 -0.772
      34.246 21.554 -0.670
      34.348 21.443 0.589
      34.371 22.492 -0.033
      33.240 21.642 0.071
      33.404 22.371 -0.891
      34.270 22.787 0.763
      33.823 23.396 -0.563
      33.516 21.956 1.240
      31.963 23.024 0.956
      33.112 22.763 0.243
      32.496 23.715 -0.366
    6  10    1  39.4939  37.4801  -0.0585  76784  83808
      38.874 37.601 0.108
      40.060 37.003 -0.094
      39.511 36.766 0.644
      38.642 37.982 -0.860
      40.065 38.263 0.813
      37.671 37.446 -0.449
      39.850 38.142 -0.918
      38.711 36.840 -0.808
      40.774 37.157 1.456
      40.780 37.600 -0.478
    7  18    1  38.4947  22.4248  0.9804  48901  80566
      37.499 23.101 0.449
      39.406 22.051 1.077
      37.607 21.379 1.199
      39.337 23.253 0.156
      38.344 23.802 0.736
      38.767 20.812 1.304
      38.231 23.904 1.446
      38.147 22.946 2.259
      38.438 21.788 2.194
      38.416 22.506 -0.288
      39.542 22.030 1.551
      39.463 21.987 0.286
      38.532 21.244 0.056
      39.442 23.337 1.819
      37.370 22.893 1.261
      38.408 22.442 0.884
      37.549 21.732 0.374
      38.408 22.442 0.884
    8   9    1  25.4319  26.8309  0.0678  19446  80065
      25.931 25.546 -0.735
      25.814 28.009 1.196
      24.901 26.036 0.074
      25.977 26.768 -0.992
      24.692 27.215 1.162
      24.899 27.188 -0.147
      25.817 27.887 0.599
      25.919 26.786 0.431
      24.937 26.043 -0.978
    9  20    1  0.9370  14.2123  0.4321  64774  80548
      0.153 12.188 -1.000
      1.419 15.345 1.166
      0.474 14.918 2.252
      -0.099 14.173 0.884
      0.975 14.023 -0.880
      1.992 13.468 0.858
      1.110 14.572 0.138
      2.178 14.617 0.616
      0.979 13.932 1.635
      1.154 12.881 -0.788
      -0.076 13.378 -0.503
      0.902 13.138 0.419
      -0.124 15.266 1.151
      1.481 15.247 -0.556
      0.300 15.587 0.313
      1.774 14.669 2.158
      2.073 13.854 -0.609
      0.979 13.932 1.635
      -0.017 14.484 -0.385
      1.110 14.572 0.138
   10  13    1  6.4336  25.1514  0.7077  18332  83995
      6.454 26.085 1.343
      6.619 24.141 1.900
      5.998 24.885 0.966
      6.009 25.290 2.310
      7.147 25.118 1.484
      5.291 25.921 1.178
      6.808 24.164 -0.429
      5.453 25.856 -0.405
      6.540 25.984 0.727
      6.810 24.140 0.771
      7.216 25.162 -0.985
      7.251 25.175 0.233
      6.040 25.048 0.106
   11  20    1  8.3936  9.7711  0.7621  68849  82051
      9.173 10.465 1.049
      9.207 9.505 1.889
      7.988 9.170 2.265
      9.238 8.906 -0.597
      9.915 9.891 -0.442
      7.307 8.929 1.143
      7.204 10.003 0.347
      7.400 8.937 -0.094
      8.843 11.451 1.750
      8.297 10.464 2.134
      7.204 10.031 1.690
      8.217 9.568 1.103
      8.411 8.516 0.515
      7.480 10.079 -0.934
      9.584 9.244 0.819
      8.012 10.912 1.120
      8.524 8.561 1.039
      8.106 10.813 -0.166
      9.348 10.376 0.655
      8.414 9.601 -0.042
   12  15    1  19.9891  2.4200  0.4893  43279  82550
      18.859 2.568 -0.340
      19.387 1.451 -0.445
      20.408 1.267 0.540
      20.505 3.433 1.529
      21.068 2.264 1.109
      19.919 2.405 1.695
      19.285 1.490 1.131
      18.819 2.683 1.231
      19.541 3.487 0.827
      19.972 2.367 -0.794
      20.553 1.286 -0.516
      21.067 2.366 -0.149
      20.837 3.386 0.797
      20.012 2.382 0.465
      19.604 3.463 0.257
   13  10    1  10.8889  23.2552  0.5880  79742  81974
      11.597 23.135 -1.000
      10.568 22.488 0.179
      10.762 22.373 0.882
      11.010 24.122 -0.869
      11.103 23.957 0.220
      11.733 23.027 0.754
      9.846 23.584 0.699
      11.117 23.752 1.500
      11.440 22.728 1.877
      9.714 23.387 1.639
   14  12    1  13.1950  36.8150  0.1686  62611  81170
      12.313 36.852 0.452
      13.095 37.753 0.111
      12.855 35.898 0.909
      13.377 36.953 1.287
      14.074 36.044 0.787
      14.090 36.021 -0.738
      14.179 37.189 0.394
      12.954 35.989 -0.893
      12.911 38.138 -0.918
      12.243 36.697 1.861
      12.514 37.055 -0.509
      13.734 37.189 -0.719
   15  13    1  3.2531  9.6120  0.3665  63214  82106
      4.189 9.696 1.178
      4.084 8.445 0.986
      4.031 10.871 0.709
      1.876 9.648 0.453
      2.014 9.692 1.549
      4.057 10.898 -0.735
      3.005 10.278 -0.913
      2.939 10.272 0.924
      3.941 9.715 0.375
      2.986 9.054 0.697
      3.898 8.527 0.248
      2.144 8.704 -0.156
      3.126 9.156 -0.552
   16  20    1  17.5627  29.1188  0.7458  72748  81600
      18.187 29.823 0.877
      16.823 30.124 0.193
      17.644 28.871 1.046
      17.639 30.910 0.660
      18.042 27.774 0.208
      16.865 27.819 -0.136
      18.074 29.883 -0.331
      16.352 29.212 -0.579
      17.579 30.956 -0.610
      16.944 29.952 1.154
      18.374 29.044 2.496
      17.651 29.967 2.133
      17.347 28.895 1.586
      17.545 28.821 0.309
      17.803 28.011 2.396
      18.505 28.628 -0.302
      16.336 28.458 0.898
      18.456 28.608 1.233
      17.541 27.800 1.377
      17.545 28.821 0.309
   17  15    1  6.2906  14.5702  0.6200  28596  81133
      7.498 15.139 1.441
      7.334 14.224 0.023
      6.264 14.618 1.003
      5.222 13.951 0.060
      5.269 13.997 1.397
      6.310 14.645 1.527
      7.289 14.025 1.455
      6.289 13.552 0.843
      7.245 15.458 0.075
      5.290 15.153 -0.456
      5.319 15.190 0.877
      6.340 14.671 0.254
      6.340 14.671 0.254
      6.262 13.540 -0.389
      6.089 15.719 0.935
   18  15    1  6.8458  4.7387  0.3723  76211  80279
      7.125 4.831 1.029
      7.595 5.253 1.006
      7.893 4.196 -0.406
      6.524 4.721 1.528
      5.814 4.044 0.677
      6.755 5.848 -0.421
      8.011 4.155 1.213
      6.826 4.712 0.265
      5.550 5.670 -0.174
      6.453 5.809 0.873
      5.956 4.439 -0.755
      7.803 5.410 -0.091
      6.930 3.671 0.884
      6.826 4.712 0.265
      6.627 3.611 -0.308
   19  20    1  1.1054  27.6642  0.6927  7065  82103
      0.949 27.587 1.123
      2.306 27.789 0.625
      0.018 27.620 1.091
      0.473 28.277 2.202
      0.416 26.287 1.462
      2.201 27.774 -0.406
      0.951 26.044 0.340
      1.076 28.512 0.395
      1.983 26.790 1.468
      1.149 28.478 -0.874
      0.069 29.025 -0.052
      0.995 29.106 1.428
      -0.196 26.857 0.553
      1.912 26.724 -0.945
      -0.043 28.034 0.848
      0.843 26.887 2.346
      0.935 27.475 0.460
      2.173 26.823 0.195
      2.114 28.970 -0.180
      1.784 28.224 1.773
   20  20    1  30.0140  27.2620  0.8949  53567  80768
      29.030 26.373 0.716
      30.345 25.866 0.397
      29.162 27.607 0.111
      29.523 27.811 2.733
      29.142 27.640 -0.902
      31.105 27.849 0.680
      31.241 27.822 1.306
      29.154 28.396 1.013
      30.200 27.143 -0.316
      31.225 26.665 0.891
      30.169 28.280 -0.856
      29.416 26.518 2.408
      29.132 27.386 1.590
      30.151 28.288 1.607
      31.160 26.662 1.217
      30.107 28.320 0.349
      30.222 26.009 1.707
      30.488 27.172 2.072
      29.189 26.229 0.261
      30.117 27.205 0.914
   21  16    1  38.1566  1.6434  0.4629  29153  83560
      38.328 1.183 0.380
      36.530 0.493 1.032
      38.166 3.301 0.499
      37.517 1.988 -0.209
      36.491 0.311 0.230
      38.457 1.068 1.888
      38.813 2.305 0.923
      37.124 0.976 0.728
      39.484 1.265 0.287
      39.405 1.385 1.517
      38.045 3.362 -0.546
      37.112 1.368 1.463
      38.964 2.269 -0.562
      39.872 1.691 -0.821
      37.751 2.179 1.195
      38.448 1.151 -0.598
   22  16    1  37.6381  33.1513  0.6914  5163  81830
      36.422 33.947 1.298
      37.295 33.079 0.698
      37.561 34.098 1.720
      38.521 32.577 1.309
      38.440 33.851 0.637
      38.088 33.072 2.232
      37.588 32.101 1.661
      38.374 33.841 1.049
      36.633 32.468 -0.715
      36.397 33.601 0.190
      38.395 31.515 0.926
      37.038 34.205 -0.652
      38.728 32.642 0.338
      37.302 34.360 0.593
      37.735 33.023 -0.269
      37.691 32.041 0.047
   23  20    1  31.5130  17.8839  0.9145  71143  83608
      31.588 17.704 1.536
      32.339 18.502 -0.375
      30.535 17.425 2.151
      32.668 17.568 0.919
      30.762 16.831 1.303
      31.819 16.620 0.976
      31.216 18.225 2.765
      30.859 18.919 0.381
      32.160 18.734 0.911
      30.140 18.606 2.258
      31.249 19.000 1.696
      30.513 17.941 -0.072
      31.667 16.587 -0.374
      31.501 17.752 -0.746
      32.681 17.430 -0.707
      30.546 18.103 1.184
      30.742 16.973 0.649
      32.346 18.549 2.191
      33.399 18.498 1.191
      31.529 17.713 0.454
   24  12    1  18.9972  11.7360  0.1617  43756  81066
      18.764 10.595 -0.072
      19.603 12.754 -0.989
      18.611 13.350 1.016
      18.073 12.345 1.489
      18.083 11.100 1.139
      19.026 11.693 0.718
      17.995 11.430 -0.080
      20.073 10.596 0.316
      18.430 12.593 0.271
      19.970 10.830 -0.889
      20.234 11.918 -0.135
      19.107 11.629 -0.841
   25  20    1  23.3095  35.7509  0.4857  61960  81500
      23.585 34.424 0.889
      22.377 34.969 -0.720
      24.525 35.345 0.138
      22.103 37.168 0.289
      22.189 35.933 1.284
      23.173 36.748 1.226
      22.342 35.921 0.371
      23.222 35.588 1.975
      24.458 36.366 1.106
      24.554 35.353 -0.881
      24.408 35.377 1.554
      23.450 35.365 0.648
      23.221 36.767 -0.514
      23.480 34.456 1.390
      23.173 36.717 1.181
      22.083 37.011 -0.936
      22.427 34.833 1.056
      23.498 35.769 -0.357
      24.334 36.371 -0.196
      23.587 34.536 0.211
   26  14    1  33.1647  8.6231  0.1185  54786  82050
      34.736 8.974 0.983
      32.643 9.052 0.254
      33.966 9.416 0.937
      32.626 7.720 0.315
      32.973 9.950 0.999
      33.355 7.524 -0.928
      33.722 8.188 0.381
      32.743 8.652 -0.836
      33.733 9.557 -0.115
      32.117 7.487 -0.550
      34.509 7.832 -0.523
      31.656 8.509 -0.058
      33.610 8.411 1.226
      31.916 9.451 -0.426
   27  11    1  28.4571  22.2313  0.4714  76177  81750
      27.927 23.257 1.320
      29.298 21.642 0.109
      27.803 22.155 0.451
      27.733 22.123 1.207
      28.836 20.815 -0.938
      28.191 21.118 0.179
      28.723 22.888 1.455
      28.826 22.707 0.218
      28.792 21.563 1.539
      27.839 23.332 0.579
      29.060 22.943 -0.933
   28   9    1  18.8163  21.2384  0.0586  60360  83723
      19.078 21.926 1.442
      18.876 21.829 0.215
      18.060 20.227 0.546
      17.730 21.276 0.526
      19.846 21.276 0.528
      17.716 21.430 -0.681
      20.021 21.658 -0.674
      18.734 20.747 -0.787
      19.286 20.777 -0.587
   29   0    1  1.7522  4.7212  1.5299  29229  82559
   30  20    1  8.4438  34.6452  0.5085  71954  81760
      7.377 34.727 1.726
      8.530 33.112 -0.152
      8.477 35.250 2.342
      8.812 33.186 1.280
      9.463 33.954 -0.600
      7.557 33.506 -0.747
      6.901 35.845 1.326
      8.352 35.581 1.398
      7.186 34.748 0.612
      8.140 35.563 0.415
      8.365 34.302 0.181
      9.990 34.965 -0.872
      8.458 34.571 1.577
      8.703 34.771 -0.894
      9.316 35.219 0.313
      9.328 35.918 -0.469
      9.537 34.080 0.731
      9.317 35.245 1.527
      7.561 33.657 1.037
      7.506 34.704 -0.562
   31  11    1  23.9835  21.5631  0.2896  72287  80915
      24.408 21.566 0.534
      23.290 22.295 -0.639
      24.210 20.408 0.571
      23.390 22.340 1.022
      24.408 21.669 1.392
      23.891 20.239 -0.453
      24.897 20.600 1.352
      23.264 21.257 0.469
      24.469 22.814 0.511
      23.226 21.369 -0.829
      24.365 22.637 -0.744
   32  14    1  3.8825  0.0759  0.2027  70951  82629
      3.736 0.179 0.082
      4.756 0.854 0.358
      3.657 -0.882 -0.769
      3.042 1.084 0.870
      3.834 0.261 -0.915
      3.643 -0.923 0.959
      3.831 0.257 1.582
      4.697 -0.326 0.904
      4.214 1.415 -0.494
      4.878 -0.283 -0.500
      4.659 -1.560 -0.493
      3.012 1.034 -0.302
      2.660 -0.227 1.246
      3.736 0.179 0.310
   33  12    1  38.0402  8.1941  0.4989  75541  81758
      38.652 9.627 -0.104
      37.832 6.684 -0.023
      38.676 7.572 -0.155
      37.273 7.202 1.617
      37.018 8.400 1.724
      38.436 7.422 1.319
      38.652 8.547 0.786
      38.113 9.529 1.280
      37.830 7.850 -0.658
      37.655 9.012 0.117
      38.777 8.601 -0.509
      37.569 7.885 0.593
   34  20    1  26.4193  16.6807  0.6354  17682  81929
      26.221 16.711 2.110
      26.312 16.657 -0.874
      25.342 17.042 1.418
      25.304 17.002 -0.914
      25.361 17.212 0.312
      26.138 17.564 1.178
      27.331 16.207 2.289
      26.338 16.596 0.964
      27.207 17.231 1.714
      26.359 17.836 0.319
      26.495 15.576 1.637
      27.075 18.417 1.581
      25.392 15.901 1.198
      26.388 15.482 -0.789
      25.272 16.046 0.007
      27.346 17.342 -0.779
      27.391 16.014 -0.200
      26.335 15.352 0.393
      27.440 16.151 0.641
      27.335 17.275 0.505
   35  13    1  15.0334  1.3490  0.6265  77107  83801
      15.868 1.290 -0.099
      15.433 2.706 0.330
      15.658 1.652 1.084
      13.842 0.761 1.453
      14.964 1.175 1.890
      16.014 0.464 1.219
      15.890 0.084 -0.164
      14.890 0.701 0.701
      14.393 2.041 -0.410
      14.451 1.874 0.924
      14.857 0.881 -0.512
      13.813 1.123 0.150
      15.360 2.783 1.579
   36  11    1  3.1105  22.7539  0.7666  31703  82737
      2.956 22.561 2.188
      3.677 23.015 0.947
      2.710 22.403 -0.297
      2.468 22.121 1.068
      3.010 23.892 2.184
      2.195 23.440 1.253
      3.851 22.302 0.288
      3.746 22.007 -0.870
      2.447 23.491 0.689
      3.623 21.896 1.475
      3.533 23.164 -0.492
   37  20    1  33.0629  37.4315  0.7161  79932  82626
      33.235 36.372 0.991
      32.644 38.487 1.248
      33.919 38.397 0.557
      33.380 36.358 0.297
      32.122 37.815 2.169
      33.436 39.289 0.050
      32.241 36.655 0.256
      33.444 36.304 1.518
      33.897 38.349 1.465
      34.255 37.092 1.148
      34.526 36.065 -0.485
      32.285 36.811 1.463
      32.712 38.690 0.937
      33.268 37.433 2.054
      31.686 37.874 0.938
      32.096 36.621 -0.922
      34.168 37.308 0.010
      33.034 37.422 -0.413
      31.923 37.840 0.351
      32.987 37.447 0.688
   38  20    1  29.8227  12.7261  1.1577  44992  81436
      30.527 13.184 2.287
      28.636 12.959 -0.338
      28.787 11.840 0.007
      30.607 13.496 0.566
      29.478 13.750 0.707
      30.830 12.417 -0.070
      29.652 13.551 -0.509
      31.469 12.548 2.210
      29.911 11.513 0.723
      29.649 13.966 2.187
      30.373 11.938 2.363
      29.762 12.623 0.321
      30.797 13.435 1.181
      29.632 12.889 1.534
      29.627 11.769 1.259
      29.632 12.889 1.534
      30.720 12.270 1.243
      29.163 11.959 2.294
      28.512 12.435 1.282
      28.689 13.093 2.373
   39  0    1  21.0531  25.5489  1.4922  72233  82307
   40  20    1  12.1377  5.6127  0.4972  59929  80141
      11.274 4.966 1.635
      11.088 5.099 0.099
      13.304 5.275 0.790
      11.917 6.969 -0.104
      12.305 4.603 1.193
      11.237 3.952 -0.498
      13.985 6.141 0.875
      11.191 5.201 -0.836
      12.351 4.682 0.017
      12.144 5.754 0.412
      13.080 6.074 2.290
      11.121 6.173 1.052
      13.100 6.676 -0.467
      12.143 5.780 1.628
      13.251 5.358 -0.472
      11.319 3.946 0.793
      13.084 6.577 1.053
      12.041 5.821 -0.792
      11.810 7.033 1.463
      11.008 6.173 -0.184
   41  11    1  27.8851  7.8083  0.0224  79700  82042
      26.524 8.095 0.343
      27.449 8.765 0.631
      28.849 6.575 1.028
      27.067 7.630 -0.683
      27.796 6.665 -0.186
      28.579 8.877 -0.885
      28.815 7.157 0.133
      27.433 7.453 1.093
      28.367 8.222 0.204
      28.414 7.670 -0.936
      27.444 8.781 -0.495
   42   8    1  18.1196  35.1022  -0.0874  9388  82877
      18.171 35.619 0.283
      17.221 35.102 -0.480
      18.145 35.418 1.170
      17.283 36.368 0.113
      17.668 34.269 -0.954
      18.902 34.311 -0.750
      19.265 35.297 -0.195
      18.301 34.433 0.115
   43  15    1  24.2247  11.8297  0.1930  15026  81388
      23.273 11.948 0.836
      25.262 12.434 -0.260
      24.364 10.520 0.509
      23.239 12.011 -0.312
      23.393 10.865 -0.904
      25.406 11.208 0.755
      25.255 12.363 1.231
      24.341 11.827 -0.858
      23.111 13.075 -0.733
      24.417 11.669 1.601
      25.389 11.299 -0.473
      23.276 10.844 0.357
      24.098 12.809 1.062
      24.348 11.715 0.353
      24.199 12.860 -0.269
   44  18    1  15.4875  24.4989  1.3751  21253  82612
      14.603 24.226 1.050
      14.795 24.848 2.004
      15.469 24.994 1.379
      15.413 25.017 0.815
      16.773 24.438 0.389
      14.278 25.558 1.203
      15.759 23.839 -0.770
      16.376 24.844 3.316
      15.511 24.104 2.877
      14.661 23.527 2.200
      15.698 23.850 0.433
      16.697 24.160 2.303
      14.547 24.275 1.037
      15.658 23.990 1.644
      14.375 25.562 -0.130
      15.658 23.990 1.644
      16.512 24.646 1.200
      15.992 25.112 2.155
   45  13    1  11.1008  14.7371  0.0070  27615  83309
      10.478 15.297 0.147
      10.398 16.309 -0.833
      11.393 16.135 0.954
      12.158 14.076 -0.446
      11.572 14.982 0.849
      11.779 13.775 0.943
      10.648 14.188 0.881
      10.399 15.361 -0.967
      11.391 16.106 0.329
      11.357 12.941 -0.586
      10.229 13.305 -0.532
      11.655 14.991 -0.327
      10.853 14.115 -0.321
   46  20    1  22.0316  30.6708  0.7912  55194  80484
      21.595 29.591 -0.019
      21.854 31.746 1.091
      22.241 30.523 1.003
      22.392 30.424 1.462
      21.246 30.762 2.073
      21.165 30.814 -0.398
      20.910 31.974 1.137
      22.005 29.791 2.435
      21.425 29.737 1.328
      22.567 29.298 -0.772
      22.462 29.340 0.994
      23.257 30.269 -0.641
      23.284 30.106 0.782
      21.850 31.716 0.299
      20.788 31.911 0.802
      22.007 31.512 1.512
      23.105 31.292 1.104
      22.166 30.459 0.134
      23.067 31.359 0.699
      21.246 30.791 0.801
   47  12    1  10.2593  27.6255  1.1730  75762  81299
      10.179 26.925 0.883
      10.131 26.888 0.247
      10.482 28.067 0.918
      10.542 28.087 0.592
      11.360 27.169 0.637
      9.741 28.926 1.400
      9.732 26.992 2.235
      9.369 27.767 1.339
      11.364 27.218 1.293
      9.990 28.191 2.329
      10.867 27.429 2.186
      9.356 27.845 0.019
   48  10    1  17.7374  6.9193  0.0608  52027  83633
      19.231 6.465 0.986
      17.871 7.428 -0.819
      17.064 5.575 -0.539
      16.978 6.660 -0.935
      17.036 6.658 0.343
      16.920 7.802 0.491
      19.058 7.638 -0.700
      17.215 7.810 1.351
      18.009 6.914 0.968
      17.993 6.243 -0.538
   49  20    1  24.9342  0.4917  1.0509  26399  80977
      23.918 0.679 2.110
      23.390 0.363 0.777
      25.434 -0.572 -0.628
      25.750 -0.268 2.373
      25.950 0.975 2.282
      24.253 1.367 -0.071
      25.519 1.666 1.235
      24.778 0.662 -0.877
      26.090 0.412 0.513
      24.248 1.244 1.149
      24.322 -0.417 0.997
      24.854 1.530 2.254
      25.474 1.441 -0.165
      24.454 -0.442 2.281
      25.486 -0.755 1.132
      24.957 0.516 2.922
      23.698 0.125 -0.453
      24.947 0.497 1.592
      26.157 0.347 1.265
      25.005 0.463 0.330
   50  20    1  35.3808  13.4444  0.5115  14198  83694
      34.789 13.727 0.962
      33.755 14.233 1.209
      35.743 14.399 1.406
      34.942 12.542 0.894
      35.909 13.120 -0.995
      36.849 13.949 1.046
      34.773 13.679 0.142
      36.784 13.535 -0.332
      35.711 14.254 0.484
      36.949 12.715 1.143
      33.800 13.105 -0.541
      36.022 11.992 0.878
      34.825 14.840 -0.502
      35.935 12.074 -0.377
      35.883 13.147 1.526
      34.557 14.772 0.624
      34.762 13.618 1.354
      34.762 13.618 1.354
      34.964 12.474 -0.279
      35.904 13.096 0.235
   51  20    1  9.1510  39.9360  0.7054  495  82583
      8.330 39.588 2.202
      9.824 38.852 1.376
      9.680 41.034 0.108
      9.710 41.003 1.220
      8.746 38.907 0.857
      8.615 38.880 -0.603
      9.994 39.070 0.362
      10.512 39.953 1.408
      7.679 38.891 1.219
      10.369 40.060 0.153
      8.509 40.908 0.579
      8.414 40.934 -0.682
      9.365 38.941 2.434
      8.128 39.943 1.177
      10.724 40.981 -0.760
      9.183 39.987 -0.785
      8.564 40.906 1.854
      9.309 39.961 1.641
      8.120 39.926 -0.055
      9.244 39.994 0.402
   52  10    1  13.3168  19.9198  -0.0368  82239  82628
      13.733 19.708 0.814
      13.967 20.775 0.086
      12.235 19.131 0.664
      13.844 20.808 -0.944
      11.820 19.507 -0.481
      14.955 20.322 0.934
      12.827 20.052 0.386
      12.952 18.969 -0.636
      13.974 19.734 -0.330
      12.861 20.191 -0.863
   53  20    1  7.5304  19.6063  0.7250  66057  83101
      7.519 18.496 1.337
      8.029 19.311 2.098
      6.807 21.241 0.756
      6.288 18.994 1.383
      8.685 19.965 1.456
      7.793 18.535 0.265
      8.812 18.816 -0.488
      6.964 19.917 2.111
      8.212 19.996 -0.600
      8.664 18.786 1.081
      8.441 19.985 0.233
      6.311 19.819 0.506
      6.284 20.048 1.187
      7.232 19.717 -0.194
      7.527 20.858 -0.152
      7.538 19.640 1.006
      6.571 18.818 0.531
      7.559 18.736 -0.150
      7.832 20.808 1.127
      7.538 19.640 1.006
   54  16    1  34.1719  3.9936  0.9273  48985  81051
      33.053 4.498 -0.356
      33.298 4.857 1.891
      33.950 4.667 0.891
      33.404 3.914 1.189
      34.442 5.008 2.295
      34.028 4.761 0.556
      34.673 3.608 -0.552
      34.930 3.724 1.858
      35.372 4.821 1.434
      35.329 4.700 0.519
      33.924 3.851 2.532
      33.981 2.661 -0.842
      34.281 2.813 1.579
      34.062 2.656 0.372
      33.368 3.675 0.803
      34.655 3.683 0.667
   55  20    1  13.0955  31.6403  0.4251  76208  82520
      12.413 32.551 -0.703
      13.661 30.832 -0.664
      12.967 31.593 1.439
      11.617 31.644 0.000
      11.739 31.514 1.366
      12.559 32.688 2.171
      13.590 30.687 0.962
      13.281 29.770 0.428
      13.325 29.789 -0.759
      12.290 32.526 0.954
      14.803 32.776 -0.482
      13.558 32.649 0.880
      12.469 30.506 1.028
      13.425 32.835 1.276
      14.133 31.901 -0.775
      12.857 31.652 -0.886
      13.508 32.605 1.267
      13.033 31.765 0.347
      14.272 31.686 0.930
      12.410 30.837 -0.278
   56  12    1  14.1450  10.7995  0.3147  21539  83619
      14.018 9.693 -0.349
      14.907 10.302 -0.820
      14.483 9.922 0.946
      13.130 10.094 -0.935
      12.950 10.282 0.920
      13.914 10.841 0.530
      14.998 11.561 -0.937
      13.874 10.776 1.766
      14.818 11.317 1.180
      14.290 11.908 2.118
      14.505 11.905 0.117
      13.852 10.994 -0.760
   57  20    1  35.5128  27.7015  0.5482  48948  82586
      35.031 28.951 1.074
      36.470 26.414 -0.121
      35.514 25.868 1.004
      34.488 26.698 0.683
      35.979 28.225 -0.929
      36.696 27.516 0.675
      34.520 27.606 2.030
      34.613 27.866 -0.476
      34.447 27.903 0.726
      36.393 28.536 1.251
      36.697 27.359 -0.496
      35.784 29.554 0.958
      35.576 27.266 1.152
      35.149 28.618 1.459
      35.522 27.359 0.573
      35.470 28.509 0.252
      34.456 26.615 1.166
      36.686 28.612 -0.048
      35.296 26.043 -0.219
      35.470 28.509 0.252
   58  10    1  24.1524  5.2539  0.1629  19956  82254
      25.329 4.618 1.020
      24.648 5.581 0.444
      24.038 4.526 -0.219
      23.276 4.922 -0.924
      22.763 6.075 -0.937
      23.538 5.719 0.066
      23.935 6.444 -0.873
      24.081 4.531 1.327
      25.266 4.589 0.231
      24.651 5.535 1.495
   59  20    1  21.2106  17.0804  0.9231  52013  83462
      21.253 18.230 -0.002
      21.366 18.150 1.053
      20.157 17.747 -0.522
      20.804 17.917 1.365
      22.054 16.200 1.232
      22.138 17.509 -0.268
      22.388 17.852 2.551
      21.187 17.548 2.523
      22.004 17.447 1.285
      20.947 16.667 1.812
      19.843 17.165 0.829
      21.571 18.615 2.033
      21.910 16.248 0.235
      19.875 16.879 1.200
      20.273 15.835 0.680
      21.010 17.043 -0.589
      20.999 15.845 -0.665
      21.986 16.609 2.325
      21.318 15.221 0.960
      21.130 16.881 0.426
   60  12    1  6.0952  29.8075  0.5218  2437  82687
      5.097 30.074 -0.044
      5.051 30.108 1.152
      7.210 30.063 0.004
      5.466 29.100 1.884
      6.172 29.376 0.755
      6.530 29.697 1.916
      7.314 30.218 -0.924
      6.172 29.376 0.755
      6.049 30.647 0.665
      5.452 28.915 -0.295
      6.467 29.460 -0.499
      6.162 30.656 0.893
