# rebal RNN controller weights, read by rebal_rnn_load_weights()
# generated by train_rnn.py, do not edit by hand
# trained 2026-08-18 09:46, 6000 steps, feature set "base"
# 100-event validation, imbalance: static 49.11% -> heuristic 32.36% -> RNN 30.16%
# slices migrated: heuristic 399.0 -> RNN 157.6

features 13
hidden 24
max_step 8
steps_per_growth 10

w_ih
  -1.162355021e-01 3.488083184e-01 -1.442725062e-01 -2.654867470e-01 -4.011394978e-01 -1.751045510e-02
  -2.173967063e-01 -4.909532964e-01 1.464138329e-01 8.939083666e-02 2.004735172e-01 2.418304384e-01
  1.413905919e-01 -2.839639485e-01 -3.043321520e-02 6.726846695e-01 2.182991952e-01 2.006744146e-01
  2.775345445e-01 2.690315247e-01 -1.577273160e-01 2.819594443e-01 1.058451757e-01 2.866327763e-01
  1.349827647e-01 4.111801833e-02 -2.116237432e-01 -3.063289523e-01 3.119906485e-01 -1.278993487e-01
  1.810600609e-01 -1.051992029e-01 2.589517534e-01 2.206020355e-01 -2.575023472e-01 -8.228698373e-02
  -7.128379308e-03 -2.388854623e-01 8.763978630e-02 3.021639884e-01 8.291635662e-02 7.687313557e-01
  3.598370254e-01 3.349968791e-01 6.819226593e-02 2.846279182e-02 -3.353672102e-02 -6.400439143e-02
  6.062025577e-02 3.960146308e-01 -7.574452758e-01 4.312334955e-01 1.084135413e+00 3.858844340e-01
  3.544213176e-01 -1.280672401e-01 -1.556254625e-01 -6.337311864e-02 1.117507517e-01 -1.658440530e-01
  2.077122685e-03 2.634303868e-01 -7.997476310e-02 -2.681641281e-01 9.985858798e-01 8.140788674e-01
  -2.796280198e-02 7.251746058e-01 -4.265982807e-01 -2.656700313e-01 -2.240207195e-01 -3.844618425e-02
  8.015034348e-02 2.366908193e-01 1.256162077e-01 -1.560271531e-01 4.314242303e-01 -1.669522524e-01
  2.294301093e-01 -2.569293380e-01 2.764495909e-01 3.520411849e-01 -1.535684317e-01 1.525781900e-01
  -4.275366664e-01 -1.142090335e-01 1.943365037e-01 -5.280741453e-01 -2.924068831e-02 -1.500542611e-01
  1.006547883e-01 7.019234300e-01 -3.260152042e-01 1.884312928e-01 3.981625140e-01 -5.396593809e-01
  2.471701205e-01 -2.324801981e-01 1.216349825e-01 3.968929648e-01 -1.008924022e-01 1.858338714e-01
  -1.532516479e-01 4.369796813e-01 1.943970561e+00 7.971867919e-01 1.932215542e-01 3.800180554e-01
  8.242025226e-02 -5.020618811e-02 -6.200959906e-02 1.727010608e-01 -2.754626609e-02 -8.735802770e-02
  3.697166219e-02 -3.588733673e-01 1.556924582e-01 4.063614607e-01 -2.179391831e-01 1.534657180e-01
  -8.304004371e-02 -5.747495685e-03 4.002690613e-01 -1.538320929e-01 4.243420064e-01 4.024857879e-01
  -1.324041039e-01 -4.412827492e-01 5.357062221e-01 2.067520022e-01 3.016034961e-01 -1.156863123e-01
  -1.824165285e-01 2.573055401e-02 6.241779029e-02 3.511496782e-01 3.904220760e-01 3.395582438e-01
  1.585193127e-01 2.861066461e-01 -9.645628929e-02 1.736568809e-01 1.766213924e-01 9.076558948e-01
  -4.271162674e-02 9.740491509e-01 2.077153027e-01 9.076768160e-01 9.701192379e-02 3.459235132e-01
  -2.381403893e-01 1.674069017e-01 1.093495637e-01 1.672234386e-01 -4.817993641e-01 2.433238178e-01
  3.557166457e-01 1.448471695e-01 -2.571664155e-01 3.414550722e-01 1.656547636e-01 2.450419366e-01
  -1.199496090e-01 -5.337700248e-01 -1.376407146e-01 -2.448317409e-01 -3.665197194e-01 -5.241939425e-01
  8.996626735e-02 4.111296833e-01 -2.948904037e-01 4.582681954e-01 3.296812475e-01 3.637282848e-01
  2.274930924e-01 3.982986808e-01 -9.685484320e-02 8.678322285e-02 8.734153211e-02 1.699288487e-01
  -3.455643356e-01 1.250857562e-01 -5.244914293e-01 8.645853400e-02 -4.481288195e-01 -1.215353981e-02
  4.184198380e-01 -2.442797571e-01 3.267974555e-01 1.002463222e+00 -7.127252966e-02 -9.291903675e-02
  2.320116609e-01 -1.155883312e+00 4.560554624e-01 7.252506614e-01 1.190902814e-01 3.730076849e-01
  -2.376812918e-04 2.170702368e-01 -1.290296018e-01 1.410257518e-01 1.403474510e-01 -2.238268405e-01
  -1.003077924e-01 -2.715650946e-03 3.140110672e-01 7.426138520e-01 -4.191945493e-01 -2.208006084e-01
  -2.716991007e-01 3.661091626e-02 4.285519943e-02 1.330171824e-01 -3.150775135e-01 -5.722184852e-02
  3.066988848e-02 -9.587727487e-02 -2.503108382e-01 1.261513084e-01 -5.202553868e-01 -3.268599808e-01
  -1.586803049e-01 -1.299530566e-01 -1.431494653e-01 1.406874508e-01 -1.816528440e-01 -5.092562363e-02
  -6.836722493e-01 -3.602756858e-01 -2.931900620e-01 -5.545647740e-01 9.849666804e-02 -3.613428473e-01
  1.589394957e-01 -3.520416319e-01 5.711329728e-02 -4.723710474e-03 5.171340108e-01 -3.678281605e-01
  -9.687056392e-02 3.325166181e-03 -4.168089330e-01 -3.176179528e-01 -2.388394177e-01 -2.625249624e-01
  -4.340382293e-02 3.333934546e-01 2.224263847e-01 1.770064235e-01 1.656462103e-01 2.843521535e-01
  -2.175310999e-01 3.882609010e-01 -5.426703095e-01 -2.043647468e-01 1.570467353e-01 -2.075692564e-01
  -1.681746244e-01 -8.320681751e-02 -9.923004359e-02 5.193377137e-01 -9.853591919e-01 -1.780776531e-01
  8.210568130e-02 1.147464737e-01 2.504037321e-01 -8.785222173e-01 2.331105322e-01 2.686585784e-01
  1.138916910e-01 4.687573612e-01 2.212046087e-01 5.490203500e-01 3.978385329e-01 7.451123744e-02
  -2.446771227e-02 8.669739217e-02 5.135150254e-02 1.576455235e-01 -1.414893270e-01 3.314806223e-01
  2.468891442e-01 -2.766216397e-01 -1.148857176e-01 3.980509639e-01 -9.960263222e-02 -7.423958182e-02
  -2.788506448e-01 2.608903348e-01 1.562702954e-01 6.319061667e-02 1.462474167e-01 -5.364478827e-01
  2.340676263e-02 -3.799975663e-02 2.720341980e-01 -7.095003724e-01 -1.211774468e+00 1.560059786e-01
  1.967709959e-01 -6.426441073e-01 1.087805927e-01 3.475625813e-01 -3.283702135e-01 1.122046113e-01
  -5.582057834e-01 -2.693811357e-01 -6.362704933e-02 -2.155377418e-01 -1.863343455e-02 1.501822285e-02
  5.155340433e-01 4.492059052e-01 -2.337950319e-01 9.149134755e-01 -7.437075675e-02 8.088944554e-01
  9.836996906e-03 -2.138966694e-02 2.864666581e-01 3.920961544e-02 4.382066727e-01 7.879162580e-02
  8.944019079e-01 -2.426616699e-01 5.589087680e-02 3.006415367e-01 -1.162072346e-01 -1.867896914e-01
  2.724796534e-01 -1.799666509e-02 2.496155724e-02 1.878031343e-01 -1.023810133e-01 3.400604129e-01
  6.782886386e-01 -2.348780632e-01 1.110318676e-01 1.906368434e-01 -1.666582078e-01 -2.723582983e-01
  2.626523376e-01 -3.234995008e-01 2.356881648e-01 3.346810937e-01 -2.189231813e-01 2.712200629e-03
  -1.599889994e-01 -2.258827984e-01 2.690292895e-01 9.102725387e-01 3.641563356e-01 -4.968969226e-01
  -3.078428209e-01 2.897118330e-01 -4.025075436e-01 -3.771578893e-02 -1.800242513e-01 -1.772923172e-01
  -2.068164200e-01 -4.309212565e-01 -1.258825064e-01 9.449443221e-01 -4.790737107e-02 -4.748842865e-02
  6.061918139e-01 -8.461872339e-01 -1.723699719e-01 -4.620342702e-02 4.587949216e-01 7.740247250e-02
  2.300530076e-01 4.082772881e-02 1.419004798e-01 2.797141969e-01 -3.179622889e-01 3.582459390e-01
  2.859380841e-01 5.758247375e-01 4.380492270e-01 3.837438524e-01 2.672655582e-01 6.935919821e-02
  1.533097029e-01 1.178184673e-01 -1.235372871e-01 4.446485639e-01 8.534062654e-02 4.950359464e-01
  1.903813034e-01 1.645449400e-01 1.750859767e-01 -5.236046910e-01 2.931491435e-01 1.283388883e-01
  5.556741357e-01 1.779876798e-01 8.014754951e-02 5.816799998e-01 4.570578933e-01 3.940137848e-02
  1.453667581e-01 3.332269788e-01 -8.703474887e-03 7.283910513e-01 -8.207259178e-01 -1.742095202e-01
  -4.113467038e-02 2.677423954e-01 4.113582969e-01 3.012705147e-01 1.977129132e-01 4.505934417e-01
  4.533559680e-01 1.936665773e-01 -4.263840914e-01 -2.438162267e-01 -3.488208950e-01 1.260475665e-01
  -1.810431480e-01 -1.405114867e-02 -4.104675055e-01 6.672205925e-01 -2.435951531e-01 -1.954155564e-01
  -6.620413065e-01 2.658150494e-01 -3.346960247e-01 -4.860052094e-02 6.658850610e-02 -4.320233315e-02
  2.808788717e-01 5.979834795e-01 1.007551998e-01 2.832621932e-01 6.102803946e-01 1.045691371e-01
  3.311822116e-01 3.581246734e-01 -1.340507716e-01 -4.699795544e-01 -1.263621151e-01 -5.265710354e-01
  -3.373431787e-02 -3.808776140e-01 -5.291224122e-01 7.952567935e-02 -3.661741316e-01 2.535661161e-01
  2.063860744e-01 1.627522148e-02 1.305945665e-01 5.483472943e-01 -2.645138800e-01 -2.578983307e-01
  1.281316429e-01 -1.503751427e-01 -1.291322242e-02 2.057160437e-01 8.138962835e-02 1.628759652e-01
  -6.595832109e-02 -5.400109664e-02 7.542821020e-02 3.655675650e-01 1.568221748e-01 3.630452454e-01
  -4.681691062e-03 -2.972102258e-03 -3.291302621e-01 -3.505803943e-01 -8.605289040e-04 -3.109952211e-01
  2.766724825e-01 6.001991034e-01 1.066925079e-01 3.401087224e-02 -6.704261303e-01 -8.057407290e-02
  -1.513263136e-01 -2.330607027e-01 1.750626564e-01 5.278565884e-01 1.253368407e-01 -1.068057418e-01
  2.205565721e-01 6.694847345e-02 -1.092368960e-01 3.694402277e-01 -8.099054545e-02 4.804433286e-01
  1.016242981e+00 -3.017787039e-01 -8.252527714e-01 -2.641776502e-01 -5.108054876e-01 2.085239142e-01
  -1.555964649e-01 4.003387690e-02 -7.560266256e-01 3.612202406e-01 -2.669926584e-01 -1.140611991e-01
  -7.328149676e-01 -4.354576580e-03 -5.554623008e-01 7.742269039e-01 5.653528571e-01 -6.806619167e-01
  -4.428176284e-01 -3.075839281e-01 3.568395972e-01 2.875283360e-01 1.144679822e-02 7.412785292e-01
  4.986902773e-01 4.684066474e-01 1.242644861e-01 3.716560602e-01 -1.004569829e-01 -1.388122290e-01
  -7.462727278e-02 -3.020593822e-01 -2.635613084e-01 3.673517108e-01 5.570932627e-01 -9.766628034e-03
  4.645238519e-01 7.480080128e-01 3.828217387e-01 6.461711228e-02 -2.929449547e-04 4.374551773e-01
  5.746985078e-01 -6.513782740e-01 1.570332795e-03 9.320276976e-02 -5.894353390e-01 -1.660047770e-01
  -6.119261384e-01 5.920544639e-02 -1.307232529e-01 -1.134979248e+00 -1.550425887e-01 5.928915739e-01
  -1.928941607e-01 -2.580467463e-01 -1.628186554e-01 -6.097854972e-01 -1.903376579e-01 -2.636777759e-01
  2.933702767e-01 -2.762618475e-02 1.379914880e-01 4.351268113e-01 9.868260473e-02 4.587994218e-01
  2.997453809e-01 9.222885221e-02 1.175079197e-01 -5.829764605e-01 2.592847645e-01 -7.213889360e-01
  5.675532222e-01 1.300614178e-01 8.522282243e-01 3.992456496e-01 -4.181339592e-02 6.050984263e-01
  -2.209168375e-01 4.807096124e-01 -6.632541418e-01 5.058003590e-02 -3.142854273e-01 -3.854331076e-01
  -3.082681894e-01 3.691254556e-01 -2.423241548e-02 -3.011108935e-01 2.698948383e-01 3.926458359e-01
  1.431209743e-01 2.952555418e-01 -1.230681092e-01 9.991306067e-02 1.050257087e-01 3.662570380e-03
  -4.098852575e-01 -2.000266165e-01 7.471110206e-03 6.957083475e-03 -4.000756517e-02 3.256470859e-01
  -5.480478518e-03 -2.190411091e-01 3.030377328e-01 -6.479275972e-02 -1.836863011e-01 -2.311690003e-01
  -5.419516563e-01 5.466730520e-02 9.191873670e-02 -3.250093758e-02 6.049913913e-02 -1.106305122e-01
  6.332432479e-02 9.639691561e-02 -9.311226010e-01 -2.716977298e-01 -1.176312193e-01 1.659767032e-01
  2.321508527e-01 -2.504403889e-01 -4.770961404e-01 4.106136039e-02 4.305477068e-02 4.801537395e-01
  -8.675798178e-01 3.664481044e-01 5.460639000e-01 3.617686033e-01 2.279343270e-02 2.849056125e-01
  1.138224155e-01 -3.743712008e-01 -6.789714843e-02 -7.557725161e-02 8.060458302e-02 -9.140685946e-02
  1.754019260e-01 4.760058522e-01 -9.299463034e-02 5.691070482e-02 1.223878339e-01 1.248532534e-01
  -4.820505381e-01 1.019007564e+00 -7.460665107e-01 -1.552927047e-01 -1.349653751e-01 -1.677018404e-01
  -6.602721661e-02 4.931000993e-02 9.254248142e-01 9.551147372e-02 6.342563778e-02 1.065968052e-01
  2.140975446e-01 1.199037358e-01 -3.997614086e-01 4.026264548e-01 -1.416981965e-01 4.561393335e-02
  -1.334412098e-01 1.045540869e-01 -1.029762477e-01 -1.275545239e+00 -2.867658250e-02 7.033381611e-02
  4.336696118e-02 1.473625898e-01 -1.124724269e+00 -9.934227467e-01 2.746482193e-01 1.876060367e-01
  1.418300569e-01 7.848485559e-02 1.008326635e-01 -1.194539964e-01 8.021487296e-02 -5.320397019e-02
  7.793712430e-03 -6.696777791e-02 -1.446153410e-02 7.948184609e-01 -1.150083780e+00 3.786819875e-01
  -3.513521850e-01 -2.134970427e-01 -1.927874386e-01 1.214715093e-01 8.682325482e-02 -3.734618127e-01
  -2.070277929e-02 1.199227050e-01 -2.194925994e-01 4.779571295e-01 -6.536574103e-03 6.894413233e-01
  -3.413932025e-01 -3.567600250e-02 -1.324226707e-01 1.627353877e-01 -2.505798936e-01 2.065921426e-01
  -1.717096865e-01 -1.093409862e-02 -9.432863444e-02 -3.227162063e-01 5.466123670e-02 -2.055736780e-01
  4.002073109e-01 -3.768390715e-01 2.666133046e-01 -6.040560454e-02 3.084638715e-01 1.089266762e-01
  2.291216701e-01 -1.032098383e-02 -1.237484962e-01 -2.070341632e-02 2.301280499e-01 -8.600610495e-02
  6.685368717e-02 -1.155404329e+00 3.078841865e-01 -8.016495407e-02 -1.716423333e-01 1.308250725e-01
  -2.121441960e-01 2.744798362e-02 -6.678487659e-01 -8.085345477e-02 1.004961804e-01 -2.685649991e-01
  -1.123373657e-01 -4.952993691e-01 -1.024021506e+00 -1.080778241e-02 -2.996647954e-01 -1.356889755e-01
  -3.279763740e-03 1.107424200e-01 -4.513496906e-02 -3.448295593e-01 -7.313224673e-02 9.836137295e-02
  -8.150512353e-03 3.822522983e-02 1.077817559e+00 -4.148522615e-01 4.492219388e-01 -6.517948508e-01
  -5.518702418e-02 2.235332131e-01 2.129738927e-01 8.408242464e-02 -6.523663402e-01 -3.090566397e-02
  -5.789053068e-02 -1.639605165e-01 8.274238557e-03 1.010544896e-01 1.268391870e-02 -8.305060863e-01
  -3.948768973e-01 5.323421210e-02 -1.785499752e-01 3.815666214e-02 1.912098676e-01 9.030206800e-01
  1.154319197e-01 -9.800142795e-02 3.044325113e-01 -3.065723181e-01 4.344406426e-01 -1.109297991e+00
  2.308626473e-01 -3.803731501e-01 4.256591201e-02 -2.866175473e-01 -7.751615345e-02 -1.192017421e-01
  3.566509187e-01 1.892949343e-01 6.615966558e-02 -7.757356018e-02 -4.249421135e-02 2.624102831e-01
  1.947008520e-01 2.087216973e-01 4.375960305e-02 2.547075273e-03 -9.717952460e-02 1.354374690e-03
  2.656916380e-01 -1.205043674e+00 1.458688378e-01 -8.537124097e-02 1.220715120e-01 -3.104079068e-01
  -8.969852328e-01 -9.587503672e-01 4.642686546e-01 1.582662016e-01 1.841369718e-01 -1.213757321e-01
  1.390774548e-01 8.193188906e-02 -1.069064379e+00 -1.223656069e-02 -6.353655457e-02 1.015085960e-03
  1.752984971e-01 -7.287241518e-02 -3.169127405e-01 2.484067976e-01 1.646900326e-01 -1.188847870e-01
  5.252075568e-02 -2.076686025e-01 2.360439748e-01 5.023609996e-01 3.008532710e-02 -5.614737421e-02
  1.313943975e-02 -2.128376514e-01 1.422003746e+00 -4.208413959e-01 1.396585405e-01 4.291817546e-01
  1.804330647e-01 1.578766853e-01 1.555088758e-01 6.097742170e-02 -4.451334476e-01 -6.426891685e-02
  5.194839463e-02 -1.593588442e-01 -4.003046155e-01 -4.048769474e-01 -2.014258653e-01 2.999368906e-01
  -1.843643486e-01 -4.159339070e-01 -2.269870788e-01 -8.786942810e-02 1.196965724e-01 -3.706483841e-01
  -9.564441442e-02 6.852258742e-02 7.762166858e-02 1.064687222e-01 -2.638731524e-02 -4.101497829e-01
  -4.418867230e-01 -9.661405534e-02 6.205417216e-02 -6.305515766e-02 -9.629024565e-02 7.917669415e-02
  -5.503869653e-01 1.050160304e-01 -1.496668458e-01 8.132393472e-03 -1.236065328e-01 -1.215227604e+00
  3.533679843e-01 -4.400176704e-01 1.282858700e-01 4.363899231e-01 -1.772225350e-01 9.630533308e-02
  -1.866877428e-03 9.255500436e-01 -1.446196227e-03 7.936025038e-03 -3.663726151e-01 -2.520524152e-02
  5.884898305e-01 -8.449905515e-01 -2.071616501e-01 6.142864227e-01 5.619220063e-02 1.848130077e-01
  1.306544431e-02 1.392225176e-02 8.167654872e-01 4.738255218e-02 -7.780262828e-02 3.847432137e-01
  -2.937720120e-01 -3.336901367e-01 3.911095560e-01 -4.459410012e-01 3.345749080e-01 9.946812689e-02
  1.104738563e-01 1.063744426e-01 1.076805145e-01 6.010460854e-01 -5.507694557e-02 -2.574575506e-02
  -1.879309714e-01 -3.878200650e-01 8.550674538e-04 -1.162338182e-01 -4.222420231e-02 -4.859022051e-02
  5.498808343e-03 -2.680095471e-02 3.968133032e-02 -2.773162164e-02 1.093060613e+00 -1.591737568e-02
  -8.174895495e-02 -1.353596002e-01 -6.937284488e-04 7.034704685e-01 7.784544677e-02 1.458083242e-01
  6.914550066e-02 -5.027921405e-03 -7.508595288e-02 3.469979856e-03 -5.592850596e-02 1.352329850e+00
  4.610865191e-02 2.071595378e-02 2.004581839e-01 1.996598244e-01 1.300395846e+00 -2.276656926e-01
  -2.220562398e-01 -9.628546238e-01 2.265610546e-02 -3.409107029e-01 -1.471519619e-01 -2.905932069e-02
  5.675296187e-01 1.456157565e-01 2.077166224e-03 -1.601372212e-01 1.354341507e-01 -4.076036513e-01

w_hh
  4.705743119e-02 -2.876953781e-01 -9.636346996e-02 -3.099579513e-01 2.333764583e-01 -8.770361543e-02
  -2.039935142e-01 1.181728691e-01 -2.533476651e-01 -4.034643061e-03 3.208196461e-01 1.324087530e-01
  1.219392195e-01 2.693919837e-02 -3.817345202e-01 -3.983571827e-01 1.889851391e-01 -9.235867113e-02
  -7.526774425e-03 -1.516662538e-01 2.084883749e-01 2.166748047e-02 -3.142287731e-01 3.638140857e-02
  5.589994788e-02 -3.574910164e-01 -1.549094915e-01 1.943914592e-01 -2.845009044e-02 -2.404166460e-01
  1.753635406e-01 -2.402576990e-02 -2.713455260e-01 1.520757377e-01 -3.791569173e-02 -1.124372780e-01
  5.006941408e-02 2.632139325e-01 3.517256305e-02 -1.206142362e-02 1.907678396e-01 1.090099290e-01
  -1.026957929e-01 -1.764380373e-02 6.839131564e-02 1.670250110e-02 -1.128862798e-01 3.263223916e-02
  1.552350521e-01 1.742410064e-01 6.070856377e-02 1.372198611e-01 -1.952346712e-01 4.129139185e-01
  2.194373459e-01 -1.622674316e-01 -2.277324945e-01 -1.856132001e-01 1.467432529e-01 1.310048550e-01
  -1.925366670e-01 -3.755907714e-01 8.284620196e-02 -1.771243960e-01 -3.481362462e-01 2.100118846e-01
  1.329226941e-01 2.469903231e-01 -3.019427657e-01 -2.072931677e-01 -1.959370449e-02 1.645906568e-01
  -6.409445405e-01 -1.286205649e-01 1.662860215e-01 2.630060613e-01 -6.378301978e-01 9.351556003e-02
  5.648119450e-01 5.579668097e-03 -3.419699073e-01 -7.678799033e-01 5.787621811e-02 1.123221125e-03
  7.013310790e-01 6.798751354e-01 2.902046777e-02 -1.564854011e-02 -1.741479486e-01 -1.651022285e-01
  -4.686695337e-01 5.403621197e-01 -5.862725973e-01 -2.139715254e-01 -3.346057534e-01 -5.213962793e-01
  4.942852259e-01 1.583477110e-01 8.197126538e-02 -3.092703223e-01 7.002030313e-02 2.741172314e-01
  -5.337716937e-01 -1.998894615e-03 -6.772881001e-02 -1.815892756e-01 -1.087359339e-02 -1.477815360e-01
  -3.067029417e-01 -2.967743874e-01 1.350552589e-01 -4.279400408e-01 6.412081122e-01 2.235581353e-02
  9.594635107e-03 -3.002673388e-01 -2.614256442e-01 -1.844028682e-01 1.138877496e-02 1.395533383e-01
  -3.590889573e-01 -6.382902712e-02 3.153491914e-01 -4.366289452e-02 -7.946640253e-02 -1.085024253e-01
  -8.979084343e-02 1.264107078e-01 -3.465192914e-01 -2.995190024e-01 -2.965196222e-02 -3.776358366e-01
  4.304876328e-01 3.987044394e-01 -2.007206231e-01 -2.660783529e-01 3.598563671e-01 -7.668142766e-02
  -1.310942322e-01 3.357945681e-01 -2.059358656e-01 1.115288734e-01 -2.516396046e-01 -6.097122431e-01
  -3.397567570e-01 -1.599813104e-01 1.805625856e-01 4.210956693e-01 9.174688160e-02 -5.375202298e-01
  -3.911634088e-01 -6.916738302e-02 1.638452709e-01 1.571729481e-01 -1.505437191e-03 4.599167407e-01
  -3.048593104e-01 2.269593030e-01 1.528771222e-01 -8.189021796e-02 2.922100723e-01 -7.418239862e-02
  -3.594543412e-02 1.487988383e-01 -2.983855009e-01 2.025736421e-01 -1.345759165e-02 9.883160144e-02
  -2.465226948e-01 9.641947225e-03 1.778991073e-01 2.292672396e-01 6.783247739e-02 -6.448871493e-01
  -1.777737439e-01 2.147338688e-01 6.495547295e-02 2.860950530e-01 -9.139817953e-02 6.097748280e-01
  4.452430084e-02 3.037998676e-01 2.146935165e-01 -4.357926250e-01 1.147417575e-01 -2.043571696e-02
  1.519973725e-01 -8.735236526e-02 -5.231816769e-01 3.044613302e-01 -1.595240384e-01 2.814728022e-01
  -3.812579066e-02 3.408491910e-01 -1.999465376e-01 2.166762203e-02 -3.691437244e-01 5.388482660e-02
  -5.145004392e-02 -2.308690846e-01 3.335690200e-01 1.844040602e-01 1.231525168e-01 -6.006110832e-02
  -4.861000553e-02 2.518638074e-01 9.316865355e-02 -5.717546344e-01 -2.178268731e-01 -7.304323912e-01
  1.690593809e-01 1.990966685e-02 5.208540708e-02 -2.893705964e-01 1.991981566e-01 1.331340428e-02
  1.887045056e-01 4.055663943e-01 -2.339097857e-01 -1.939562559e-01 -4.862775207e-01 1.138353497e-01
  -1.325393021e-01 -3.542793095e-01 -1.211433411e-01 3.382373452e-01 5.633401498e-02 8.320458978e-02
  -2.261188924e-01 7.034014910e-02 2.407765388e-01 -3.207420707e-01 -2.012594938e-01 -2.112719566e-01
  4.691489413e-02 -2.188366652e-01 3.235370815e-01 2.025133818e-01 3.284985423e-01 6.607320905e-02
  1.812570989e-01 1.813184917e-01 1.661913246e-01 -2.199934274e-01 -5.115531012e-02 4.779791534e-01
  -2.990542948e-01 -1.052240804e-01 -3.066139221e-01 7.927718759e-02 2.858743630e-02 3.054034412e-01
  3.218969107e-01 -2.225026190e-01 -3.068507910e-01 -2.849714756e-01 2.274240851e-01 1.312584132e-01
  -1.748151630e-01 -7.858520746e-01 -5.786749125e-01 -2.819154561e-01 3.916940838e-02 6.452129483e-01
  -2.458975911e-01 -1.511576474e-01 1.657804251e-01 1.217486933e-01 -3.437552750e-01 4.102987945e-01
  3.965258300e-01 6.855868548e-02 -6.667069197e-01 -2.318037301e-01 -9.554756433e-02 -5.320089459e-01
  2.084989697e-01 1.744647771e-01 3.127107322e-01 -8.293627948e-02 4.783698544e-02 6.620206684e-02
  -2.577704564e-02 3.517745435e-02 -1.902379990e-01 -3.222395778e-01 -4.646601975e-01 -4.681807458e-01
  8.086268604e-02 -7.488262653e-02 -1.609776914e-01 -1.814786792e-01 3.676991165e-02 -4.398773909e-01
  -1.575395465e-01 -1.674351096e-02 5.862765908e-01 3.207513988e-01 -2.967169285e-01 3.550976515e-01
  -9.711386561e-01 -1.338011622e-01 1.754121482e-01 -3.909808397e-01 4.323422909e-01 -3.558197320e-01
  3.973304108e-02 -6.751902103e-01 -5.121756196e-01 1.156423837e-01 3.911044896e-01 1.295517385e-01
  -1.190020442e-01 -6.297143549e-02 -3.321994841e-02 2.900806367e-01 -1.146195382e-01 -4.592629671e-01
  2.726561762e-02 -5.128805712e-02 -1.293661594e-01 1.095605269e-01 -6.284869462e-02 1.730130613e-01
  1.740827262e-01 4.958282784e-02 -1.034258455e-01 -1.688892394e-01 4.823307395e-01 4.576995969e-02
  -2.437070906e-01 -6.442964077e-02 -1.895242482e-01 -2.146991789e-01 -2.236608714e-01 -1.571125388e-01
  5.326330289e-02 1.032480076e-01 -9.260621737e-04 1.721804142e-01 1.037352309e-01 3.457623422e-01
  1.620812900e-02 -2.740008757e-02 -1.648478508e-01 2.436918169e-01 2.880461812e-01 2.804929018e-01
  2.460611314e-01 -3.089013398e-01 2.163262367e-01 -6.263401825e-03 -3.541445136e-01 2.373676747e-02
  1.912619770e-01 -5.197092891e-01 -1.849485040e-01 -7.098653167e-02 1.957948357e-01 3.325130641e-01
  -1.803544164e-01 6.721317302e-03 -3.093350232e-01 3.613617718e-01 -3.034094274e-01 4.487676024e-01
  2.440672219e-01 2.384586483e-01 -2.832441628e-01 -5.033003688e-01 -2.299557477e-01 -5.299510360e-01
  -5.579020828e-02 -1.553940475e-01 7.486301661e-02 1.400075853e-01 2.099109143e-01 -5.704713464e-01
  -8.116421849e-02 5.992531776e-02 -5.228376389e-02 3.289630115e-01 -1.091064699e-02 -4.164243639e-01
  -1.659520417e-01 3.760473132e-01 1.393391192e-01 -1.683492810e-01 -1.003317535e-01 -1.651846021e-01
  -2.681943178e-01 4.590306431e-03 -5.830394104e-02 5.263549685e-01 1.085587498e-02 3.842918873e-01
  3.653130829e-01 1.322681308e-01 -3.732018769e-01 -4.691961110e-01 -6.835798919e-02 2.719165981e-01
  -3.009067774e-01 -4.865485430e-01 2.489696257e-02 -5.851822495e-01 -4.889942333e-02 6.165745854e-01
  -1.337120086e-01 4.731838405e-01 4.779156670e-02 -3.411561251e-01 -1.854730397e-01 -5.040208995e-02
  -2.007361203e-01 -1.895785928e-01 2.698844075e-01 1.637935042e-01 4.303292930e-01 4.226873219e-01
  -3.289034665e-01 -2.403998189e-02 1.730194092e-01 -1.498253196e-01 -1.251092702e-01 1.011264324e-01
  -2.111379206e-01 -6.519059837e-02 -1.708483696e-01 -1.682870537e-01 2.562583685e-01 5.042519569e-01
  -5.469620973e-02 -1.126671061e-01 1.037074253e-01 9.855707735e-02 -1.149726361e-01 2.712286711e-01
  1.012137011e-01 2.862553298e-01 6.367573142e-02 2.745873630e-01 -1.042663977e-01 3.085592762e-02
  -1.200440526e-01 1.501876116e-01 -3.486404568e-02 -1.944486648e-01 -7.587868720e-02 -1.212695464e-01
  3.407373652e-02 -8.441399038e-02 -1.806472987e-01 2.297956869e-02 -1.766019166e-01 2.557583451e-01
  -2.687582076e-01 4.010342658e-01 3.042055070e-01 -3.242628872e-01 -5.124087334e-01 4.513447881e-01
  -5.726539716e-02 2.632272542e-01 -5.076907873e-01 -7.219410539e-01 3.453320265e-01 -3.223201334e-01
  5.381644368e-01 -3.252456486e-01 -3.650026023e-01 -3.348030522e-02 3.646582365e-01 4.905386567e-01
  -7.153078169e-02 2.844600081e-01 3.907142207e-02 -4.302946627e-01 -9.104308486e-02 -3.110762499e-02
  -2.911632136e-02 1.558750123e-02 -1.295405068e-02 -2.267857492e-01 6.669350863e-01 -1.731643640e-02
  -3.973579705e-01 1.812334359e-02 2.374187559e-01 5.592669845e-01 9.503924102e-02 2.145858258e-01
  2.389129698e-01 -7.509727776e-02 1.366080493e-01 -4.243662357e-01 4.152363837e-01 2.423924766e-02
  -2.896022201e-01 -4.840815067e-01 3.524898291e-01 -3.151897192e-01 -1.262546629e-01 5.807863474e-01
  1.282738000e-01 4.225926697e-01 -6.185606867e-02 -8.687373996e-02 -3.420356214e-01 5.866324529e-02
  -3.377731144e-01 -1.299871039e-02 -4.260819256e-01 -3.167361617e-01 2.891340852e-01 -6.033329293e-03
  1.179900952e-02 -2.042141557e-01 -1.790162027e-01 -4.940741956e-01 2.291730344e-01 3.204133809e-01
  2.975300550e-01 -2.174368650e-01 -1.894420385e-01 -5.260230303e-01 1.430697590e-01 8.401803672e-02
  -1.680348516e-01 -2.737960815e-01 4.257543385e-01 4.648439586e-01 2.149048895e-01 -2.895741761e-01
  3.776631877e-02 1.295149475e-01 4.923976362e-01 7.318471670e-01 -1.132538468e-01 -5.014903098e-02
  3.423719704e-01 4.243218899e-01 4.405554011e-02 3.043297231e-01 -3.624529541e-01 -1.931206733e-01
  -3.143309355e-01 -7.329181582e-02 -1.433110386e-01 -1.815119237e-01 -1.516197026e-01 -1.740241647e-01
  9.846209735e-02 3.932525814e-01 3.524436653e-01 -3.432984650e-02 -7.448355108e-02 6.653837115e-02
  -3.617449105e-01 2.600810826e-01 -7.129655778e-02 2.202709392e-02 2.222268842e-02 2.914007008e-01
  1.515148878e-01 -6.089023128e-02 -2.528865635e-01 -1.432025284e-01 -1.067602262e-02 2.740966380e-01
  -2.216412919e-03 -1.225590333e-01 -5.622045994e-01 -7.007952034e-02 9.951673448e-02 3.910565078e-01
  6.261677295e-02 -1.931618601e-01 -1.233584210e-01 3.462126553e-01 -1.873807162e-01 1.876085252e-02
  4.970235527e-01 -1.090450168e+00 -1.794265360e-01 1.804141849e-01 1.821538806e-01 -2.245559841e-01
  3.442983031e-01 5.419248715e-02 -4.179146290e-01 2.681169808e-01 -1.094588041e-01 -9.838278592e-02
  5.094162822e-01 5.355159640e-01 4.921966195e-01 3.339052573e-02 -1.298642997e-02 -1.065012068e-01
  2.789154053e-01 -1.484611332e-01 -2.044112682e-01 1.182915419e-01 -3.164987266e-01 2.428415269e-01
  7.661834955e-01 -5.662593991e-02 -3.233991861e-01 1.337582767e-01 -2.122827321e-01 -8.782176375e-01
  -1.186675578e-01 -3.124586046e-01 -5.818746686e-01 9.088559747e-01 -6.326841116e-01 6.567519903e-02
  3.503369689e-01 4.579395950e-01 8.885682821e-01 7.459562737e-03 -3.533540294e-02 -2.269601524e-01
  -1.879360080e-01 -5.102420971e-02 3.127036095e-01 -6.024809480e-01 -1.086580977e-01 2.017216086e-01
  -1.179615110e-01 4.347598851e-01 4.397039115e-01 4.619977251e-02 -1.806678474e-01 6.264368296e-01
  2.589375377e-01 3.581784070e-01 2.332246490e-02 9.592584684e-04 -2.065572292e-01 6.565466523e-02
  -5.064667463e-01 -7.769553661e-01 -9.336899221e-02 -1.298773289e-01 -4.961928427e-01 1.053044945e-01
  1.899091452e-01 -1.176776141e-01 1.010816574e+00 -7.949624658e-01 1.611535624e-02 7.564443350e-01
  6.057528853e-01 -2.729478776e-01 -4.125306010e-01 -1.636726409e-01 -1.033237353e-01 -5.713484287e-01
  4.750494063e-01 1.816477478e-01 -5.771929622e-01 1.169837043e-01 -3.379226476e-02 3.483861089e-01
  -8.946979046e-01 -6.223917603e-01 -1.221348345e-01 -7.334327102e-01 -3.337203264e-01 -3.191962540e-01
  -2.741493285e-01 -1.247920632e+00 6.692816317e-02 4.038431644e-01 6.882326603e-01 -1.581334472e-01
  -3.229471669e-02 9.152719378e-01 1.509047300e-02 4.127250612e-01 -8.580147028e-01 -8.949212730e-02
  4.403033480e-02 7.506541610e-01 -2.236018330e-01 9.299952984e-01 -4.047906697e-01 -2.193029523e-01
  -1.075838357e-01 3.214860260e-01 7.833963037e-01 2.921254635e-01 -3.550788760e-01 -6.312625408e-01
  -1.861631721e-01 -3.336507082e-01 -2.233346403e-01 2.927104235e-01 -1.257763952e-01 -1.294901781e-02
  6.878584623e-01 -3.790062666e-01 -5.627550483e-01 3.322219849e-01 -4.512950778e-01 -5.453611612e-01
  1.876243055e-01 2.543754280e-01 -4.176530838e-01 5.634400845e-01 2.523400187e-01 -2.841017842e-01
  -9.207774699e-02 7.140041590e-01 5.922343135e-01 1.949579688e-03 -3.093819916e-01 -7.026871443e-01
  4.094364643e-01 -5.228716135e-01 -4.760964811e-01 2.958993912e-01 2.969771922e-01 3.061095476e-01
  9.440322220e-02 -8.523923904e-02 -2.397736013e-01 3.184779882e-01 8.000803739e-02 -5.692185163e-01
  4.629580975e-01 2.377911508e-01 -4.650987983e-01 1.141734794e-01 -2.877137661e-01 -3.298097551e-01
  1.159568429e-01 4.512058571e-02 6.675454378e-01 -3.599250615e-01 -3.426951766e-01 -5.746017098e-01
  4.046349525e-01 -1.580120772e-01 -5.381788015e-01 3.898352385e-02 3.457378969e-02 8.458608389e-01
  1.432523876e-02 4.352460206e-01 3.031841107e-02 -2.250626236e-01 -3.347089887e-01 -8.070558310e-01
  -1.589052975e-01 5.493656546e-02 1.359054446e-01 9.930569530e-01 -5.001561046e-01 -1.601679027e-01
  8.970635533e-01 1.320063323e-01 1.242077351e+00 5.557603240e-01 3.206621110e-01 -7.027609348e-01
  -9.488772750e-01 -1.022810638e-01 -8.255243897e-01 1.867265105e-01 -3.242353499e-01 -7.832690477e-01
  2.262484878e-01 -4.530426562e-01 4.236712456e-01 2.765979171e-01 8.985662460e-02 6.638211012e-01
  -7.178508639e-01 2.712911069e-01 4.316831231e-01 1.724585742e-01 -4.728865027e-01 -4.401159585e-01
  -6.458577514e-01 6.000856757e-01 -1.797275990e-01 4.417786375e-02 8.069970608e-01 3.562219068e-02
  6.379137635e-01 -9.450470209e-01 -3.011066020e-01 5.891979933e-01 5.758959651e-01 -1.835619099e-02
  6.743941903e-01 -2.619782388e-01 -5.197975039e-01 5.069084167e-01 -9.414641261e-01 -5.546218753e-01
  3.511540592e-02 4.669887424e-01 -4.688382745e-01 8.179504871e-01 -4.132052064e-01 -8.489922434e-02
  3.614737391e-01 2.813673615e-01 1.004498839e+00 -1.014676243e-01 -1.509293020e-01 -8.826268315e-01
  -1.421305239e-01 -8.240417838e-01 8.985816687e-02 5.900126696e-01 7.276121974e-01 -8.911099434e-01
  -9.619935602e-02 -1.036546454e-01 3.387708589e-02 4.869391918e-01 -3.125329912e-01 -2.216291279e-01
  2.395256758e-01 3.455722332e-01 -4.685857892e-01 -1.684918106e-01 -1.274249982e-02 -8.631171659e-03
  1.298017353e-01 3.383516967e-01 1.249295399e-01 2.522476017e-01 -5.651400685e-01 -4.215109944e-01
  -1.403919309e-01 -2.910162210e-01 1.595853865e-01 -3.675248325e-01 6.105984449e-01 -1.332309395e-01
  4.897506833e-01 -1.388160791e-02 -3.048694134e-01 1.097943634e-01 2.226002663e-01 -2.537937462e-01
  2.310148031e-01 -7.012367249e-02 -6.105189919e-01 -4.386046827e-01 1.205694005e-01 1.139777899e-01
  1.652238965e-01 -1.433720905e-02 5.294563770e-01 -5.095369220e-01 -2.247588187e-01 -9.084230987e-04
  -1.157381535e-01 -1.614607126e-01 1.952724308e-01 -3.678160906e-01 -7.532737851e-01 5.613984466e-01
  3.031738400e-01 -1.740443558e-01 7.205970287e-01 -4.506006241e-01 5.948914289e-01 3.149555922e-01
  -8.379497565e-03 1.039303243e-01 4.906183779e-01 -2.454847097e-01 -1.520389616e-01 1.269242764e-01
  -1.784850061e-01 -7.465769649e-01 -5.024663210e-01 -2.204070091e-01 1.000679508e-01 -8.958662301e-02
  5.922337174e-01 -2.411217988e-02 -8.584778309e-01 4.987225235e-01 1.704261750e-01 7.473752499e-01
  9.585815668e-01 -1.495124996e-01 -4.693183005e-01 4.744252935e-02 -2.420537621e-01 -1.335841417e+00
  -5.599068999e-01 -4.926725030e-01 -7.010765076e-01 7.460334897e-01 -9.405617118e-01 -1.388842165e-01
  8.221379519e-01 8.581563234e-01 1.120611310e+00 -2.368479520e-01 5.780999362e-02 -8.613135219e-01
  -6.718015671e-01 7.821835577e-02 -5.422099233e-01 1.073370222e-02 -3.215036690e-01 -6.076229215e-01
  -2.603741586e-01 -7.518296596e-03 8.451734185e-01 -6.374283880e-02 1.614963263e-01 1.253085017e+00
  -1.406577468e+00 3.081969321e-01 7.468692660e-01 1.894427687e-01 -1.282081008e-01 -9.151215851e-02
  -5.118900537e-01 -5.664932728e-02 -4.503462315e-01 2.336046845e-01 9.618756175e-01 1.136284471e-01
  7.152980566e-02 -1.106424108e-01 -1.182804108e-01 -3.474403173e-02 4.391301274e-01 8.984191343e-03
  -3.556581438e-01 -8.391738869e-03 2.943971753e-01 1.105587482e+00 2.601773664e-02 5.369624496e-02
  2.396607995e-01 -5.388530493e-01 1.861273050e-01 2.124382108e-01 -7.495474815e-02 -1.997853369e-01
  1.199390069e-01 -4.977034032e-01 4.093438685e-01 1.472344398e-01 -2.028499544e-01 2.711970508e-01
  5.307214856e-01 -1.180568263e-01 -5.217457190e-03 -1.541519910e-01 2.063783556e-01 1.696514636e-01
  -1.209937558e-01 -3.832374513e-02 3.145697415e-01 3.529508039e-02 9.722436219e-02 -6.807829440e-02
  -4.214123264e-02 -2.403526753e-01 1.398604512e-01 1.583729833e-01 1.520935297e-01 -6.831594557e-02
  4.265262485e-01 -2.206978500e-01 3.552208543e-01 -3.264465034e-01 -4.178417623e-01 3.360140324e-01
  -2.675667405e-01 1.480157375e-01 6.256991029e-01 -5.194233060e-01 -3.384518027e-01 2.273726612e-01
  -7.023789734e-02 -2.162213475e-01 -2.185928375e-01 -2.543000579e-01 1.872835457e-01 2.467691153e-01
  5.339098573e-01 4.854459167e-01 -4.519479871e-01 -2.161275297e-01 -4.460640848e-01 5.035489202e-01
  -4.167253077e-01 -5.153124332e-01 -6.543546915e-02 -7.152332067e-01 -1.443195939e-01 3.869316354e-02
  3.453149498e-01 -1.729979739e-02 -4.739339948e-01 2.162420750e-01 -2.239683643e-02 4.477903545e-01
  6.467552781e-01 8.705288172e-02 -2.837855220e-01 -6.122558713e-01 1.215267554e-01 -8.340575695e-01
  -3.500428498e-01 -6.325255036e-01 -2.332696766e-01 1.104078218e-01 6.247103214e-02 -5.601183772e-01
  -1.761886477e-01 4.706676602e-01 -7.014487404e-03 -1.851008236e-01 4.240347445e-01 -2.600385249e-01
  1.572889984e-01 -1.548261791e-01 -5.045431256e-01 2.913329005e-01 3.905389011e-01 -4.722359776e-01
  1.200285777e-01 -9.201493859e-01 7.856915593e-01 4.881725907e-01 -3.997774422e-01 1.013319716e-01
  -7.641733438e-02 4.343366623e-01 3.527624011e-01 -3.302065134e-01 -2.643214762e-01 -1.469485611e-01
  5.599904656e-01 -4.160449505e-01 2.536537945e-01 2.392490953e-01 4.619205594e-01 3.007912338e-01
  5.291782022e-01 -2.119014272e-03 -1.858292520e-01 3.804343939e-02 -2.459816933e-01 4.299105108e-01
  -9.443704784e-02 -4.116828740e-01 -3.812073767e-01 -3.800999224e-01 -1.866772026e-01 -5.948598385e-01
  -2.212065738e-03 -1.306055486e-01 -8.850600123e-01 -1.004590392e-01 -1.756084859e-01 3.596632183e-01
  3.240170181e-01 4.766948819e-01 1.109598801e-01 -1.724257693e-02 7.743747532e-02 7.963714004e-02
  -2.990101874e-01 -1.504285187e-01 -2.824009955e-01 -1.245751455e-01 1.601745635e-01 -9.968765825e-02
  1.361463368e-01 1.163907349e-01 2.838632166e-01 2.142207772e-01 3.511413932e-02 3.205717504e-01
  -9.865324199e-02 -2.238647193e-01 2.204994708e-01 -8.189144731e-01 3.883399069e-01 -1.137913242e-01
  -2.663959563e-01 3.913827240e-02 -4.046166837e-01 4.657754004e-01 3.950810730e-01 4.416371286e-01
  -6.290435791e-01 3.786660731e-01 2.011823952e-01 -4.229007661e-01 -9.433708191e-01 -3.536328673e-02
  1.586650312e-01 -2.896156311e-01 2.450274676e-01 -5.577355996e-02 3.943048716e-01 7.792694569e-01
  3.469587862e-02 6.697825789e-01 3.652620688e-02 -1.670679003e-01 -5.477960110e-01 2.046452910e-01
  -5.052713156e-01 -1.738791913e-01 -7.635039091e-01 -3.284642696e-01 1.667994708e-01 -3.054451346e-01
  3.116277158e-01 5.367247853e-03 5.737865567e-01 -5.291458964e-01 7.085149884e-01 -2.530935705e-01
  -5.236077309e-01 -2.208939791e-01 -5.952317119e-01 9.066389799e-01 5.716219917e-02 -4.608791173e-01
  3.508310914e-01 -5.705356002e-01 -4.783667028e-01 -5.547664165e-01 4.335821271e-01 5.862299800e-01
  3.391982317e-01 -1.927836239e-01 2.970110476e-01 -5.954397321e-01 -5.772668123e-01 4.807208180e-01
  2.801817656e-01 4.426177144e-01 1.218094025e-02 -3.058173358e-01 -3.943383396e-01 4.760914147e-01
  2.119291723e-01 -3.425026536e-01 -6.575298309e-02 -1.066996977e-01 1.309764683e-01 -2.056286782e-01
  2.190843970e-02 -2.157935500e-01 1.563991606e-01 -1.978172958e-01 -6.718777586e-03 -2.724700980e-02
  -5.923084915e-02 -2.231647074e-02 2.130101323e-01 -7.372984290e-02 -3.607194498e-02 -1.279549450e-01
  -3.004896045e-01 1.907641292e-01 -4.615475833e-01 4.205709100e-01 -1.269553453e-01 -3.213655055e-01
  -5.118652806e-02 -3.622773290e-01 2.541985512e-01 3.058861792e-01 7.515329123e-02 1.299974173e-01
  -2.651538551e-01 -1.675142199e-01 4.086818695e-01 -1.810170710e-01 6.029712781e-02 -6.777503490e-01
  2.696369588e-01 3.234510869e-02 9.705293179e-02 3.885313272e-01 4.292814136e-01 1.551526785e-01
  -3.762681037e-02 -3.325599432e-01 -2.343928516e-01 2.391468883e-01 2.426769435e-01 3.179152030e-03
  -3.043143153e-01 1.960015148e-01 1.694075167e-01 2.003300041e-01 -3.396105468e-01 -1.498692483e-01
  4.773803055e-02 4.656906724e-01 1.388276834e-02 1.483998150e-01 2.453685701e-01 -2.805994749e-01
  -2.001342326e-01 2.955587506e-01 1.053785309e-01 2.217628360e-01 6.331344694e-02 1.628224701e-01
  2.318276763e-01 -1.698889732e-01 2.167017460e-01 8.167396486e-02 2.318761498e-01 3.645296991e-01
  2.228587493e-02 5.699619055e-01 -5.577529669e-01 -2.451121360e-01 -4.041782618e-01 -2.640968263e-01
  3.093463480e-01 -5.138647184e-02 -4.324144870e-02 3.155826330e-01 1.824799478e-01 2.400737405e-01
  -2.724372149e-01 2.036627978e-01 1.894879341e-01 4.390227422e-02 -3.247660697e-01 -3.568752110e-01
  1.247294024e-01 -2.199206054e-01 3.094898760e-01 1.677819341e-01 1.261978447e-01 1.547433585e-01
  8.778481930e-02 1.643275470e-02 2.485074401e-01 2.786145210e-01 1.367786229e-01 6.721112877e-02
  1.970705539e-01 3.461357057e-01 -2.992549837e-01 -2.013507038e-01 1.302960217e-01 4.494310915e-01
  -1.941880584e-01 -1.241407022e-01 -6.247374415e-02 -6.160781160e-02 -2.308216095e-01 5.499293655e-02
  1.062336564e-01 5.518325567e-01 -3.015930355e-01 -3.694975674e-01 -4.515493810e-01 4.593006074e-01
  4.011330307e-01 -3.740843013e-02 -2.524099778e-03 -2.345186286e-02 -5.950897560e-02 -2.732062936e-01
  -3.291179612e-02 -8.556973934e-02 2.114358544e-01 8.036105335e-02 -4.392294586e-02 -2.452672422e-01
  7.491720468e-02 -1.908418536e-01 4.119367003e-01 -3.450285196e-01 1.891652197e-01 -1.169334352e-01
  4.803819209e-02 1.982173324e-01 -2.539817095e-01 -8.094943315e-02 -5.575294793e-02 1.959481835e-01
  3.290590942e-01 3.411735967e-02 -4.792074263e-01 1.576385200e-01 -1.549091637e-01 -4.447331727e-01
  2.380030602e-01 -2.837186158e-01 -2.234366089e-01 2.238677740e-01 -3.873820603e-01 4.724645987e-03
  2.311436087e-01 -6.450802088e-02 3.202349842e-01 1.016524285e-01 -1.864650473e-02 -2.515581250e-01
  -8.337661624e-02 1.125378162e-01 1.596333534e-01 -2.591715455e-01 -1.124045849e-01 1.064920574e-01
  3.129583597e-02 1.430745572e-01 1.532454509e-02 -2.469339967e-01 -5.761437863e-02 1.542580575e-01
  2.858132422e-01 8.450765163e-02 -3.612071043e-03 -2.870376110e-01 2.881969512e-01 5.966248512e-01
  -5.052366257e-01 -1.571843773e-01 3.321934864e-02 -4.133563340e-01 -2.220328301e-01 4.221667945e-01
  -1.097912490e-01 -3.224888742e-01 1.186522469e-01 3.270390332e-01 2.861550152e-01 2.842376232e-01
  3.065605648e-02 -8.630047739e-02 -2.039496452e-01 -9.692648798e-02 5.794860423e-02 -1.711055934e-01
  8.879704773e-02 1.563472673e-02 2.012784928e-01 1.861320436e-01 7.203033566e-02 2.866978645e-01
  2.447496802e-01 2.575084269e-01 2.268287092e-01 1.187231317e-01 9.267251939e-02 -1.889910251e-01
  8.786872029e-02 -5.755660310e-02 3.585485816e-01 3.568927199e-02 7.724744081e-01 -6.483042240e-02
  -3.297860324e-01 2.919305116e-02 1.806490272e-01 1.891223192e-01 -2.833821177e-01 2.100553066e-01
  1.489007771e-01 5.250089243e-02 -3.977398872e-01 -5.186864361e-02 -9.096197039e-02 3.791915774e-01
  -6.048942730e-02 -4.616221786e-01 6.780039519e-02 -1.252843589e-01 -1.544408500e-01 6.448108554e-01
  -5.523321778e-02 8.945947140e-02 -1.277880669e-01 2.806974947e-02 -2.877890468e-01 -5.420831963e-02
  2.191082239e-01 -2.750786841e-01 1.436902583e-01 -1.421291828e-01 6.429918855e-02 5.112119019e-03
  1.668784916e-01 -1.224637330e-01 -2.465272509e-02 -1.269170344e-01 -2.483283728e-01 -3.028815091e-01
  2.615894079e-01 -2.424277812e-01 -1.743519604e-01 3.638484180e-01 7.558542490e-02 -3.429656923e-01
  8.229508996e-02 -4.167615473e-01 4.892156422e-01 -2.542624176e-01 9.007843584e-02 1.910323650e-01
  -8.351428807e-02 2.902629673e-01 -9.529343247e-02 1.671564579e-02 1.870407141e-03 -1.158634573e-01
  1.192819402e-01 8.763242513e-02 -9.066388011e-02 -3.424845934e-01 3.208257556e-01 4.100616276e-01
  -3.008164167e-01 -8.224290609e-02 -1.835870296e-01 1.787015796e-01 -2.603975832e-01 3.738655746e-01
  7.406353951e-02 -6.989771873e-02 -4.580442980e-02 9.612720460e-02 -3.121851683e-01 -2.222273052e-01
  4.926002771e-02 2.150658816e-01 -9.412080795e-02 1.562297642e-01 -2.280458957e-01 -1.036146209e-01
  -6.864774227e-02 -1.594157666e-01 5.972326919e-02 -1.290820539e-01 -1.961875893e-02 -3.106198609e-01
  1.153331548e-01 -1.911848485e-01 -5.169559270e-02 -3.037272692e-01 -1.365869194e-01 -3.106398284e-01
  -1.636578739e-01 -4.447372258e-01 3.888013065e-01 -3.283724487e-01 1.735335439e-01 2.599836886e-01
  -2.202629298e-02 2.707079053e-01 -2.601118684e-01 -3.624433577e-01 1.203240529e-01 -1.026579887e-01
  3.583315015e-01 4.770699143e-02 -5.293074250e-01 1.813455522e-01 -3.696705773e-02 4.109645486e-01
  -1.206244691e-03 3.261727393e-01 -1.242705658e-01 -2.414138466e-01 -9.998624027e-02 1.411914378e-01
  2.386120558e-01 -7.054662332e-03 -7.200405002e-02 8.298189193e-02 1.667041928e-01 3.218254149e-01
  1.359860003e-01 1.346442699e-01 -3.194931448e-01 -7.411265373e-02 2.905694544e-01 -1.353621334e-01
  1.601976752e-01 -2.194306701e-01 -1.325898767e-01 -1.411448270e-01 -4.892870411e-02 2.599450052e-01
  2.307789177e-01 -4.305860102e-01 1.243068464e-02 -3.513210416e-01 3.062230721e-02 -3.967859223e-02
  4.060224164e-03 -1.869024634e-01 -2.887666225e-01 4.252208173e-01 -7.644542027e-03 2.801606953e-01
  -1.014944091e-01 2.827592492e-01 -4.077628851e-01 -1.680686176e-01 -3.684746325e-01 -4.439754412e-02
  -7.894700021e-02 1.338654310e-01 3.915280998e-01 6.861028820e-02 -2.838746831e-02 -2.060062485e-03
  6.756452844e-03 2.112608403e-01 4.991610050e-01 1.565558910e-01 2.692262642e-02 -2.633893490e-01
  4.033321440e-01 -4.358556569e-01 1.681601405e-01 -1.032454073e-01 1.802599579e-01 5.996406823e-02
  1.746362746e-01 -2.239207923e-01 1.168338209e-01 -2.001436353e-01 -1.086871698e-01 1.210870221e-01
  -2.766362131e-01 -8.742877096e-02 1.772366911e-01 -6.160458177e-02 5.937796831e-02 -3.004441857e-01
  -7.460259646e-02 3.383565843e-01 -2.093592435e-01 4.455620646e-01 2.168033868e-01 -3.771301359e-02
  1.384167224e-01 -1.437099418e-03 9.895381331e-02 -5.982617289e-02 1.044431329e-01 6.043495610e-02
  8.325023204e-02 1.258354187e-01 2.179406136e-01 8.379311860e-02 9.051065892e-02 -1.567214280e-01
  1.099719945e-02 2.669364810e-01 -1.117673889e-01 8.582697064e-02 1.705823094e-01 -6.549318880e-02
  -1.858890802e-01 -1.691865772e-01 -4.463158548e-03 -5.728588440e-03 3.350360692e-01 7.402514666e-02
  5.758362636e-02 2.209001929e-01 3.684534878e-02 -6.288657337e-02 -1.121626645e-01 -4.402422905e-02
  -1.032836735e-01 -2.434334010e-01 2.086419016e-01 -6.401938200e-02 -8.900655806e-02 -3.029610589e-02
  -1.170288399e-01 -1.787837446e-01 5.666113645e-02 6.226177886e-02 -2.358822674e-01 -2.335913107e-02
  5.283892527e-02 1.329998225e-01 9.264589846e-02 -1.295683235e-01 9.819594026e-02 -3.690670803e-02
  -2.518121600e-01 -2.505629361e-01 -1.257359535e-01 7.504910231e-01 -3.402585909e-02 -2.110190541e-01
  2.027668208e-01 -1.224770993e-01 8.384644985e-02 6.163414195e-02 1.282893587e-02 -1.125577018e-01
  -9.083741903e-02 1.298792064e-01 -4.596582055e-02 3.436199427e-01 -2.000770867e-01 -5.716996267e-03
  3.058073819e-01 -6.165870652e-02 8.205392212e-02 -1.456318200e-01 -1.902413182e-02 -2.107031792e-01
  -1.230740175e-01 6.494132280e-01 1.265981644e-01 3.081732243e-02 2.778530419e-01 -1.791693270e-01
  2.798785269e-02 -5.951350182e-02 2.572367191e-01 4.919132590e-01 6.046444550e-02 2.650540769e-01
  2.957249619e-02 -3.842042089e-01 1.262432933e-01 -1.104445085e-01 1.968655884e-01 2.387817800e-01
  -1.823188066e-01 -1.346439570e-01 5.653694868e-01 -3.837915361e-01 -2.043614835e-01 -3.921946511e-02
  3.815138340e-02 -4.897251427e-01 2.572411895e-01 1.715356261e-01 1.684718579e-02 1.105776504e-01
  -7.696997374e-02 3.764078915e-01 -1.100254357e-01 4.493492469e-02 -2.751168311e-01 -9.961488843e-02
  2.543865740e-01 4.826932549e-01 -1.780192405e-01 2.097394019e-01 -4.518454969e-01 1.510717273e-01
  2.101809084e-01 -2.866515145e-02 -7.689317316e-02 1.232273132e-01 -1.120351776e-01 -1.535931081e-01
  4.287722111e-01 4.441352785e-01 -3.383690417e-01 -9.511730075e-02 -2.148744017e-01 3.486212790e-01
  4.138107225e-02 3.076783568e-02 -1.403801143e-01 -5.427778959e-01 3.645578027e-01 -1.389193833e-01
  -3.540431559e-01 -4.436868429e-01 1.437644474e-02 -1.493958235e-01 1.065753847e-01 4.799627140e-02
  2.369059324e-01 -3.068181574e-01 9.198284894e-02 3.217053786e-02 3.464647830e-01 1.329626050e-02
  1.591493636e-01 1.079308093e-01 -4.865869135e-02 -4.917899892e-02 1.193785295e-01 -5.387423187e-02
  4.799420536e-01 -2.998047471e-01 2.091302574e-01 -2.781296670e-01 1.739179492e-01 -3.428407907e-01
  3.023918271e-01 4.735625535e-02 -2.500806563e-02 -2.578118145e-01 1.641382277e-01 -1.024169326e-01
  -1.044507623e-01 6.191353500e-02 -6.871947646e-02 2.968883328e-02 4.946933687e-02 6.147785857e-02

b_ih
  1.014659703e-01 -2.550644334e-03 2.631436586e-01 -2.634628415e-01 2.351004817e-02 2.110145539e-01
  -8.702627569e-02 -4.081393033e-02 -9.430463612e-02 5.381657928e-02 1.978344619e-01 -1.124742553e-01
  -5.731199682e-02 8.218712360e-02 -3.189687729e-01 2.240621485e-02 1.485628188e-01 -3.531788588e-01
  -2.675935924e-01 -2.935450971e-01 3.325958550e-02 -2.605418861e-01 1.129342243e-01 -3.328664601e-01
  2.733497322e-01 7.244142890e-01 8.800947666e-02 -2.665277123e-01 5.761864185e-01 2.964762747e-01
  5.414569974e-01 8.376092315e-01 -3.596624732e-01 2.158306390e-01 5.891749859e-01 3.422930539e-01
  -1.278556287e-01 8.626421690e-01 -4.134416282e-01 3.167355061e-01 4.605603516e-01 -3.190812767e-01
  4.687040746e-01 1.910241991e-01 2.578648329e-01 3.832325637e-01 -1.721309125e-01 3.760989308e-01
  3.546785936e-02 -1.743982285e-01 4.678603727e-03 2.384950668e-01 1.534212083e-01 9.720591456e-02
  5.029115826e-02 -3.824156476e-03 1.269644033e-02 1.947891414e-01 -7.695269585e-02 -1.525338590e-01
  -2.558708750e-02 -1.696637720e-01 -2.193625867e-01 9.802403301e-02 4.427390173e-03 -6.654960662e-02
  7.467890531e-02 6.908487063e-03 1.129902676e-01 1.116164848e-01 -4.790000990e-02 4.885708168e-02

b_hh
  2.571976483e-01 1.797110885e-01 -1.760334335e-02 4.512338713e-02 2.754097246e-02 1.601500958e-01
  4.238944873e-02 6.853620056e-03 -2.076618671e-01 4.730238020e-02 4.178276286e-02 -1.127538756e-01
  -3.682931066e-01 1.036475524e-01 -1.913995296e-01 9.446523339e-02 -3.228246048e-02 -1.045158971e-02
  -2.437742054e-01 -3.739351928e-01 1.164413095e-01 -2.010383308e-01 -1.741981320e-02 -2.512132227e-01
  5.492857099e-01 7.337964177e-01 8.740024269e-02 -3.309568763e-01 8.143596649e-01 3.147860467e-01
  5.185917616e-01 4.568526149e-01 -5.584907532e-01 -1.402385533e-02 5.172648430e-01 2.559712827e-01
  1.029836461e-01 8.590834141e-01 -5.139809251e-01 4.492059350e-01 7.178480029e-01 -4.472423494e-01
  5.694963336e-01 1.834690422e-01 4.343087077e-01 2.746509016e-01 7.859471440e-02 1.695599407e-01
  2.714756504e-02 -1.258373857e-01 -1.261614412e-01 -2.702207305e-02 6.858710945e-02 1.280042380e-01
  -3.033190593e-02 -1.626951844e-01 -1.118446589e-01 -5.519898608e-02 7.930298150e-02 -4.465193301e-02
  7.803984731e-02 -1.052168906e-01 1.374947578e-01 -7.460315526e-02 -4.237595573e-02 1.369945053e-02
  -5.673858337e-03 -4.566638172e-02 -2.051878870e-01 -1.198356822e-01 -1.923160702e-01 5.894718692e-03

w_out
  1.005773619e-01 7.017450035e-02 7.735597342e-02 -2.046040893e-01 -9.336906672e-02 1.208175570e-01
  2.990353853e-03 -5.107604340e-02 -2.564373314e-01 -1.191504151e-01 -3.266663104e-02 -1.366666257e-01
  1.126192659e-01 -1.293212026e-01 -2.111863345e-01 5.372828618e-02 5.706648901e-02 9.098535776e-02
  -6.224248558e-02 -1.308491230e-01 1.296017691e-02 -5.810592324e-02 -1.638048738e-01 -4.779362306e-02

b_out
  -1.194445323e-02
